0 0
1 12
2 12
3 12
4 12
5 12
6 12
7 12
8 12
9 12
10 12
11 12
12 12
13 12
14 12
15 12
16 12
17 12
18 12
19 12
20 12
21 12
22 12
23 12
24 12
25 12
26 12
27 12
28 12
29 12
30 12
31 12
32 12
33 12
34 12
35 12
36 12
37 12
38 12
39 12
40 12
41 12
42 12
43 12
44 12
45 12
46 12
47 12
48 12
49 12
50 12
51 12
52 12
53 12
54 12
55 12
56 12
57 12
58 12
59 12
60 12
61 12
62 12
63 12
64 12
65 12
66 12
67 12
68 12
69 12
70 12
71 12
72 12
73 12
74 12
75 12
76 12
77 12
78 12
79 12
80 12
81 12
82 12
83 12
84 12
85 12
86 12
87 12
88 12
89 12
90 12
91 12
92 12
93 12
94 12
95 12
96 12
97 12
98 12
99 12
100 12
101 12
102 12
103 12
104 12
105 12
106 12
107 12
108 12
109 12
110 12
111 12
112 12
113 12
114 12
115 12
116 12
117 12
118 12
119 12
120 12
121 12
122 12
123 12
124 12
125 12
126 12
127 12
128 12
129 12
130 12
131 12
132 12
133 12
134 12
135 12
136 12
137 12
138 12
139 12
140 12
141 12
142 12
143 12
144 12
145 12
146 12
147 12
148 12
149 12
150 12
151 12
152 12
153 12
154 12
155 12
156 12
157 12
158 12
159 12
160 12
161 12
162 12
163 12
164 12
165 12
166 12
167 12
168 12
169 12
170 12
171 12
172 12
173 12
174 12
175 12
176 12
177 12
178 12
179 12
180 12
181 12
182 12
183 12
184 12
185 12
186 12
187 12
188 12
189 12
190 12
191 12
192 12
193 12
194 12
195 12
196 12
197 12
198 12
199 12
200 12
201 12
202 12
203 12
204 12
205 12
206 12
207 12
208 12
209 12
210 12
211 12
212 12
213 12
214 12
215 12
216 12
217 12
218 12
219 12
220 12
221 12
222 12
223 12
224 12
225 12
226 12
227 12
228 12
229 12
230 12
231 12
232 12
233 12
234 12
235 12
236 12
237 12
238 12
239 12
240 12
241 12
242 12
243 12
244 12
245 12
246 12
247 12
248 12
249 12
250 12
251 12
252 12
253 12
254 12
255 12
256 12
257 20
258 20
259 20
260 20
261 20
262 20
263 20
264 20
265 20
266 20
267 20
268 20
269 20
270 20
271 20
272 20
273 20
274 20
275 20
276 20
277 20
278 20
279 20
280 20
281 20
282 20
283 20
284 20
285 20
286 20
287 20
288 20
289 20
290 20
291 20
292 20
293 20
294 20
295 20
296 20
297 20
298 20
299 20
300 20
301 20
302 20
303 20
304 20
305 20
306 20
307 20
308 20
309 20
310 20
311 20
312 20
313 20
314 20
315 20
316 20
317 20
318 20
319 20
320 20
321 20
322 20
323 20
324 20
325 20
326 20
327 20
328 20
329 20
330 20
331 20
332 20
333 20
334 20
335 20
336 20
337 20
338 20
339 20
340 20
341 20
342 20
343 20
344 20
345 20
346 20
347 20
348 20
349 20
350 20
351 20
352 20
353 20
354 20
355 20
356 20
357 20
358 20
359 20
360 20
361 20
362 20
363 20
364 20
365 20
366 20
367 20
368 20
369 20
370 20
371 20
372 20
373 20
374 20
375 20
376 20
377 20
378 20
379 20
380 20
381 20
382 20
383 20
384 20
385 20
386 20
387 20
388 20
389 20
390 20
391 20
392 20
393 20
394 20
395 20
396 20
397 20
398 20
399 20
400 20
401 20
402 20
403 20
404 20
405 20
406 20
407 20
408 20
409 20
410 20
411 20
412 20
413 20
414 20
415 20
416 20
417 20
418 20
419 20
420 20
421 20
422 20
423 20
424 20
425 20
426 20
427 20
428 20
429 20
430 20
431 20
432 20
433 20
434 20
435 20
436 20
437 20
438 20
439 20
440 20
441 20
442 20
443 20
444 20
445 20
446 20
447 20
448 20
449 20
450 20
451 20
452 20
453 20
454 20
455 20
456 20
457 20
458 20
459 20
460 20
461 20
462 20
463 20
464 20
465 20
466 20
467 20
468 20
469 20
470 20
471 20
472 20
473 20
474 20
475 20
476 20
477 20
478 20
479 20
480 20
481 20
482 20
483 20
484 20
485 20
486 20
487 20
488 20
489 20
490 20
491 20
492 20
493 20
494 20
495 20
496 20
497 20
498 20
499 20
500 20
501 20
502 20
503 20
504 20
505 20
506 20
507 20
508 20
509 20
510 20
511 20
512 20
513 28
514 28
515 28
516 28
517 28
518 28
519 28
520 28
521 28
522 28
523 28
524 28
525 28
526 28
527 28
528 28
529 28
530 28
531 28
532 28
533 28
534 28
535 28
536 28
537 28
538 28
539 28
540 28
541 28
542 28
543 28
544 28
545 28
546 28
547 28
548 28
549 28
550 28
551 28
552 28
553 28
554 28
555 28
556 28
557 28
558 28
559 28
560 28
561 28
562 28
563 28
564 28
565 28
566 28
567 28
568 28
569 28
570 28
571 28
572 28
573 28
574 28
575 28
576 28
577 28
578 28
579 28
580 28
581 28
582 28
583 28
584 28
585 28
586 28
587 28
588 28
589 28
590 28
591 28
592 28
593 28
594 28
595 28
596 28
597 28
598 28
599 28
600 28
601 28
602 28
603 28
604 28
605 28
606 28
607 28
608 28
609 28
610 28
611 28
612 28
613 28
614 28
615 28
616 28
617 28
618 28
619 28
620 28
621 28
622 28
623 28
624 28
625 28
626 28
627 28
628 28
629 28
630 28
631 28
632 28
633 28
634 28
635 28
636 28
637 28
638 28
639 28
640 28
641 28
642 28
643 28
644 28
645 28
646 28
647 28
648 28
649 28
650 28
651 28
652 28
653 28
654 28
655 28
656 28
657 28
658 28
659 28
660 28
661 28
662 28
663 28
664 28
665 28
666 28
667 28
668 28
669 28
670 28
671 28
672 28
673 28
674 28
675 28
676 28
677 28
678 28
679 28
680 28
681 28
682 28
683 28
684 28
685 28
686 28
687 28
688 28
689 28
690 28
691 28
692 28
693 28
694 28
695 28
696 28
697 28
698 28
699 28
700 28
701 28
702 28
703 28
704 28
705 28
706 28
707 28
708 28
709 28
710 28
711 28
712 28
713 28
714 28
715 28
716 28
717 28
718 28
719 28
720 28
721 28
722 28
723 28
724 28
725 28
726 28
727 28
728 28
729 28
730 28
731 28
732 28
733 28
734 28
735 28
736 28
737 28
738 28
739 28
740 28
741 28
742 28
743 28
744 28
745 28
746 28
747 28
748 28
749 28
750 28
751 28
752 28
753 28
754 28
755 28
756 28
757 28
758 28
759 28
760 28
761 28
762 28
763 28
764 28
765 28
766 28
767 28
768 28
769 28
770 28
771 28
772 28
773 28
774 28
775 28
776 28
777 28
778 28
779 28
780 28
781 28
782 28
783 28
784 28
785 28
786 28
787 28
788 28
789 28
790 28
791 28
792 28
793 28
794 28
795 28
796 28
797 28
798 28
799 28
800 28
801 28
802 28
803 28
804 28
805 28
806 28
807 28
808 28
809 28
810 28
811 28
812 28
813 28
814 28
815 28
816 28
817 28
818 28
819 28
820 28
821 28
822 28
823 28
824 28
825 28
826 28
827 28
828 28
829 28
830 28
831 28
832 28
833 28
834 28
835 28
836 28
837 28
838 28
839 28
840 28
841 28
842 28
843 28
844 28
845 28
846 28
847 28
848 28
849 28
850 28
851 28
852 28
853 28
854 28
855 28
856 28
857 28
858 28
859 28
860 28
861 28
862 28
863 28
864 28
865 28
866 28
867 28
868 28
869 28
870 28
871 28
872 28
873 28
874 28
875 28
876 28
877 28
878 28
879 28
880 28
881 28
882 28
883 28
884 28
885 28
886 28
887 28
888 28
889 28
890 28
891 28
892 28
893 28
894 28
895 28
896 28
897 28
898 28
899 28
900 28
901 28
902 28
903 28
904 28
905 28
906 28
907 28
908 28
909 28
910 28
911 28
912 28
913 28
914 28
915 28
916 28
917 28
918 28
919 28
920 28
921 28
922 28
923 28
924 28
925 28
926 28
927 28
928 28
929 28
930 28
931 28
932 28
933 28
934 28
935 28
936 28
937 28
938 28
939 28
940 28
941 28
942 28
943 28
944 28
945 28
946 28
947 28
948 28
949 28
950 28
951 28
952 28
953 28
954 28
955 28
956 28
957 28
958 28
959 28
960 28
961 28
962 28
963 28
964 28
965 28
966 28
967 28
968 28
969 28
970 28
971 28
972 28
973 28
974 28
975 28
976 28
977 28
978 28
979 28
980 28
981 28
982 28
983 28
984 28
985 28
986 28
987 28
988 28
989 28
990 28
991 28
992 28
993 28
994 28
995 28
996 28
997 28
998 28
999 28
1000 28
1001 28
1002 28
1003 28
1004 28
1005 28
1006 28
1007 28
1008 28
1009 28
1010 28
1011 28
1012 28
1013 28
1014 28
1015 28
1016 28
1017 28
1018 28
1019 28
1020 28
1021 28
1022 28
1023 28
1024 28
1025 40
1026 40
1027 40
1028 40
1029 40
1030 40
1031 40
1032 40
1033 40
1034 40
1035 40
1036 40
1037 40
1038 40
1039 40
1040 40
1041 40
1042 40
1043 40
1044 40
1045 40
1046 40
1047 40
1048 40
1049 40
1050 40
1051 40
1052 40
1053 40
1054 40
1055 40
1056 40
1057 40
1058 40
1059 40
1060 40
1061 40
1062 40
1063 40
1064 40
1065 40
1066 40
1067 40
1068 40
1069 40
1070 40
1071 40
1072 40
1073 40
1074 40
1075 40
1076 40
1077 40
1078 40
1079 44
1080 44
1081 44
1082 44
1083 44
1084 44
1085 44
1086 44
1087 44
1088 44
1089 44
1090 44
1091 44
1092 44
1093 44
1094 44
1095 44
1096 44
1097 44
1098 44
1099 44
1100 44
1101 44
1102 44
1103 44
1104 44
1105 44
1106 44
1107 44
1108 44
1109 44
1110 44
1111 44
1112 44
1113 44
1114 44
1115 44
1116 44
1117 44
1118 44
1119 44
1120 44
1121 44
1122 44
1123 44
1124 44
1125 44
1126 44
1127 44
1128 44
1129 44
1130 44
1131 44
1132 44
1133 44
1134 44
1135 44
1136 44
1137 44
1138 44
1139 44
1140 44
1141 44
1142 44
1143 44
1144 44
1145 44
1146 44
1147 44
1148 44
1149 44
1150 44
1151 44
1152 44
1153 44
1154 44
1155 44
1156 44
1157 44
1158 44
1159 44
1160 44
1161 44
1162 44
1163 44
1164 44
1165 44
1166 44
1167 44
1168 44
1169 44
1170 44
1171 44
1172 44
1173 44
1174 44
1175 44
1176 44
1177 44
1178 44
1179 44
1180 44
1181 44
1182 44
1183 44
1184 44
1185 44
1186 44
1187 44
1188 44
1189 44
1190 44
1191 44
1192 44
1193 44
1194 44
1195 44
1196 44
1197 44
1198 44
1199 44
1200 44
1201 44
1202 44
1203 44
1204 44
1205 44
1206 44
1207 44
1208 44
1209 44
1210 44
1211 44
1212 44
1213 44
1214 44
1215 44
1216 44
1217 44
1218 44
1219 44
1220 44
1221 44
1222 44
1223 44
1224 44
1225 44
1226 44
1227 44
1228 44
1229 44
1230 44
1231 44
1232 44
1233 44
1234 44
1235 44
1236 44
1237 44
1238 44
1239 44
1240 44
1241 44
1242 44
1243 44
1244 44
1245 44
1246 44
1247 44
1248 44
1249 44
1250 44
1251 44
1252 44
1253 44
1254 44
1255 44
1256 44
1257 44
1258 44
1259 44
1260 44
1261 44
1262 44
1263 44
1264 44
1265 44
1266 44
1267 44
1268 44
1269 44
1270 44
1271 44
1272 44
1273 44
1274 44
1275 44
1276 44
1277 44
1278 44
1279 44
1280 44
1281 44
1282 44
1283 44
1284 44
1285 44
1286 44
1287 44
1288 44
1289 44
1290 44
1291 44
1292 44
1293 44
1294 44
1295 44
1296 44
1297 44
1298 44
1299 44
1300 44
1301 44
1302 44
1303 44
1304 44
1305 44
1306 44
1307 44
1308 44
1309 44
1310 44
1311 44
1312 44
1313 44
1314 44
1315 44
1316 44
1317 44
1318 44
1319 44
1320 44
1321 44
1322 44
1323 44
1324 44
1325 44
1326 44
1327 44
1328 44
1329 44
1330 44
1331 44
1332 44
1333 44
1334 44
1335 44
1336 44
1337 44
1338 44
1339 44
1340 44
1341 44
1342 44
1343 44
1344 44
1345 44
1346 44
1347 44
1348 44
1349 44
1350 44
1351 44
1352 44
1353 44
1354 44
1355 44
1356 44
1357 44
1358 44
1359 44
1360 44
1361 44
1362 44
1363 44
1364 44
1365 44
1366 44
1367 44
1368 44
1369 44
1370 44
1371 44
1372 44
1373 44
1374 44
1375 44
1376 44
1377 44
1378 44
1379 44
1380 44
1381 44
1382 44
1383 44
1384 44
1385 44
1386 44
1387 44
1388 44
1389 44
1390 44
1391 44
1392 44
1393 44
1394 44
1395 44
1396 44
1397 44
1398 44
1399 44
1400 44
1401 44
1402 44
1403 44
1404 44
1405 44
1406 44
1407 44
1408 44
1409 44
1410 44
1411 44
1412 44
1413 44
1414 44
1415 44
1416 44
1417 44
1418 44
1419 44
1420 44
1421 44
1422 44
1423 44
1424 44
1425 44
1426 44
1427 44
1428 44
1429 44
1430 44
1431 44
1432 44
1433 44
1434 44
1435 44
1436 44
1437 44
1438 44
1439 44
1440 44
1441 44
1442 44
1443 44
1444 44
1445 44
1446 44
1447 44
1448 44
1449 44
1450 44
1451 44
1452 44
1453 44
1454 44
1455 44
1456 44
1457 44
1458 44
1459 44
1460 44
1461 44
1462 44
1463 44
1464 44
1465 44
1466 44
1467 44
1468 44
1469 44
1470 44
1471 44
1472 44
1473 44
1474 44
1475 44
1476 44
1477 44
1478 44
1479 44
1480 44
1481 44
1482 44
1483 44
1484 44
1485 44
1486 44
1487 44
1488 44
1489 44
1490 44
1491 44
1492 44
1493 44
1494 44
1495 44
1496 44
1497 44
1498 44
1499 44
1500 44
