0 119238
1 24934
2 17396
3 20316
4 17258
5 16978
6 19754
7 18550
8 16034
9 15548
10 17482
11 16668
12 19960
13 17288
14 17514
15 16122
16 16648
17 17754
18 15250
19 18022
20 19000
21 41766
22 21394
23 24200
24 22776
25 17910
26 21514
27 37456
28 17402
29 15194
30 17302
31 17880
32 13378
33 14154
34 11290
35 13692
36 13130
37 13600
38 11160
39 11826
40 11008
41 11978
42 11924
43 14144
44 17326
45 17966
46 15336
47 11830
48 11952
49 11852
50 11892
51 11640
52 11758
53 14422
54 12604
55 11916
56 12660
57 13914
58 14420
59 14664
60 12068
61 15504
62 14214
63 14060
64 14358
65 12062
66 12700
67 11660
68 13972
69 14638
70 12310
71 17830
72 15960
73 19104
74 17088
75 12962
76 13094
77 13396
78 13142
79 13410
80 13940
81 13244
82 13072
83 13662
84 12466
85 12520
86 12610
87 15744
88 13048
89 11822
90 13256
91 14120
92 13794
93 12924
94 14242
95 11924
96 12600
97 13656
98 14830
99 13158
100 16584
101 34454
102 18420
103 14000
104 13206
105 13432
106 16370
107 11654
108 13748
109 13468
110 11954
111 13036
112 13482
113 12836
114 18952
115 17768
116 15438
117 13298
118 14756
119 13078
120 13748
121 12766
122 12994
123 14280
124 13782
125 15156
126 16872
127 14276
128 14350
129 15858
130 20046
131 13918
132 19476
133 14458
134 14450
135 15974
136 13230
137 17734
138 15026
139 14460
140 14818
141 15110
142 16736
143 14996
144 16812
145 13132
146 13448
147 12938
148 29804
149 11118
150 11620
151 11068
152 11182
153 11436
154 12276
155 14720
156 11510
157 16842
158 15362
159 17354
160 12554
161 11606
162 12128
163 12898
164 12554
165 15288
166 10896
167 11264
168 12232
169 11154
170 12400
171 14862
172 13518
173 12760
174 23358
175 11984
176 11192
177 11318
178 11056
179 10890
180 15630
181 11156
182 15338
183 15444
184 15572
185 14434
186 16314
187 12546
188 24170
189 16852
190 12858
191 12806
192 11636
193 11066
194 11266
195 11064
196 11248
197 11854
198 11220
199 18776
200 17658
201 12316
202 12366
203 15844
204 12718
205 12232
206 11240
207 11084
208 11600
209 12644
210 11580
211 11762
212 11588
213 13980
214 14160
215 20382
216 13948
217 12368
218 11846
219 12158
220 11286
221 11262
222 12134
223 13276
224 13006
225 13138
226 13276
227 15468
228 14088
229 14428
230 12290
231 12928
232 11362
233 13042
234 12098
235 14518
236 13966
237 11194
238 10628
239 11062
240 11714
241 11696
242 13756
243 14040
244 13476
245 14678
246 13418
247 10942
248 11720
249 10772
250 11130
251 11226
252 11156
253 11084
254 13558
255 12512
256 15470
257 16342
258 12648
259 12394
260 14510
261 11404
262 12780
263 12332
264 13576
265 14952
266 11252
267 12276
268 16610
269 12448
270 13966
271 15640
272 20078
273 11646
274 14258
275 12320
276 16298
277 12314
278 12058
279 11350
280 10948
281 11120
282 14816
283 15102
284 32154
285 14088
286 23668
287 13264
288 16458
289 11724
290 11554
291 13142
292 11426
293 10826
294 11236
295 11174
296 10898
297 11322
298 12158
299 13192
300 16292
301 12948
302 12502
303 72134
304 11536
305 14866
306 11790
307 11042
308 14742
309 16096
310 11548
311 14706
312 12302
313 14120
314 26480
315 12176
316 11344
317 15034
318 13174
319 13226
320 10690
321 11330
322 10642
323 11264
324 11036
325 11152
326 11062
327 14162
328 13508
329 13052
330 12850
331 12354
332 12910
333 13544
334 11576
335 11866
336 11504
337 15492
338 11744
339 11362
340 10638
341 17428
342 14566
343 14918
344 12392
345 11818
346 12648
347 12556
348 11576
349 11366
350 11168
351 11690
352 15352
353 11432
354 12014
355 22244
356 14780
357 16582
358 11278
359 12676
360 12012
361 11588
362 28696
363 11486
364 11216
365 11694
366 11406
367 11486
368 11162
369 11790
370 15124
371 14546
372 15404
373 14378
374 11030
375 11194
376 11526
377 11588
378 11514
379 13060
380 10886
381 11036
382 11324
383 11402
384 21696
385 16330
386 12430
387 12070
388 15164
389 12774
390 12342
391 10946
392 11308
393 14444
394 11664
395 11486
396 11070
397 11110
398 12970
399 14396
400 15426
401 13778
402 14676
403 11676
404 11316
405 10592
406 10842
407 12978
408 13728
409 11508
410 11726
411 13080
412 12650
413 12702
414 14736
415 11772
416 11736
417 13462
418 14318
419 12024
420 18078
421 11438
422 14776
423 13812
424 13994
425 14922
426 13066
427 16106
428 19598
429 12482
430 11314
431 14328
432 13844
433 11788
434 11886
435 12750
436 12916
437 12728
438 12622
439 15168
440 13160
441 14620
442 16336
443 13558
444 14102
445 17308
446 13974
447 13154
448 12366
449 14572
450 13312
451 13686
452 12816
453 12798
454 13478
455 21986
456 17610
457 14852
458 12920
459 13270
460 13134
461 13382
462 13204
463 12890
464 12600
465 14902
466 13268
467 13406
468 14322
469 21924
470 17590
471 16496
472 14572
473 14762
474 15054
475 15248
476 15736
477 14684
478 14936
479 14422
480 14764
481 15028
482 14532
483 13192
484 18196
485 25262
486 14946
487 15470
488 15016
489 14796
490 12392
491 12872
492 13418
493 16186
494 15012
495 14140
496 14356
497 12290
498 20158
499 16086
500 11958
501 11664
502 47346
503 15886
504 15716
505 14858
506 14740
507 14672
508 12714
509 14708
510 17854
511 12048
512 14150
513 16356
514 12084
515 13098
516 16952
517 12528
518 13124
519 12046
520 12908
521 13238
522 11582
523 11598
524 12938
525 12964
526 15012
527 13128
528 15200
529 15732
530 15520
531 12332
532 11572
533 11434
534 12038
535 11150
536 11848
537 11282
538 14648
539 14646
540 21458
541 19628
542 16596
543 14890
544 12176
545 10990
546 12478
547 11198
548 11674
549 11048
550 14636
551 11074
552 11866
553 11680
554 12610
555 13772
556 16076
557 11606
558 11860
559 13318
560 32804
561 12306
562 12944
563 11304
564 11596
565 11430
566 11022
567 11164
568 11172
569 24898
570 16674
571 24028
572 11802
573 15454
574 13710
575 11308
576 11546
577 13180
578 10950
579 11042
580 10594
581 10666
582 11880
583 15340
584 14080
585 13420
586 11402
587 11952
588 11316
589 21746
590 11326
591 11358
592 13430
593 11106
594 11094
595 13496
596 13022
597 14118
598 17162
599 13204
600 16172
601 13316
602 10938
603 10718
604 11004
605 11616
606 11288
607 10844
608 11552
609 10964
610 10886
611 11104
612 13118
613 12776
614 15218
615 15496
616 11924
617 11762
618 14096
619 11174
620 10940
621 14796
622 11618
623 11246
624 11284
625 11520
626 13876
627 14840
628 12930
629 12180
630 16608
631 11274
632 11212
633 11094
634 10852
635 11238
636 15250
637 11146
638 11388
639 10872
640 16038
641 18170
642 15612
643 12874
644 16094
645 15286
646 11414
647 11666
648 15618
649 11148
650 14680
651 14306
652 11702
653 11102
654 13942
655 15804
656 17790
657 13584
658 15586
659 11256
660 11376
661 11042
662 12154
663 11310
664 10896
665 15578
666 12142
667 19508
668 16022
669 16590
670 24312
671 13576
672 12354
673 11184
674 14430
675 14638
676 10844
677 11842
678 11304
679 11356
680 10826
681 11166
682 20560
683 21322
684 22790
685 14000
686 12246
687 15852
688 13108
689 11918
690 17446
691 11816
692 12566
693 12080
694 11412
695 11394
696 11692
697 15972
698 18058
699 14810
700 12340
701 15730
702 17374
703 11664
704 11286
705 11116
706 11038
707 11820
708 11708
709 11380
710 12192
711 15014
712 17748
713 12154
714 15172
715 15750
716 13424
717 10804
718 20684
719 18414
720 12154
721 11064
722 10892
723 11062
724 14718
725 14790
726 16960
727 13784
728 12646
729 13922
730 11940
731 11330
732 11038
733 10876
734 11914
735 11022
736 10786
737 15088
738 10856
739 11986
740 14450
741 16052
742 11372
743 11762
744 13776
745 12618
746 12528
747 12092
748 10684
749 11274
750 11156
751 11180
752 11026
753 11170
754 16344
755 17360
756 12464
757 11684
758 15530
759 11672
760 11228
761 10948
762 10956
763 10592
764 10854
765 10880
766 14194
767 11224
768 18322
769 16968
770 14170
771 16308
772 12116
773 11234
774 12436
775 11246
776 11426
777 11144
778 11530
779 11554
780 11268
781 11498
782 15592
783 17870
784 17420
785 13652
786 14018
787 14146
788 14676
789 14134
790 15282
791 13706
792 29488
793 16350
794 14286
795 13124
796 20266
797 16992
798 15488
799 13160
800 15296
801 13946
802 13600
803 14850
804 15726
805 15152
806 14200
807 12750
808 13892
809 14876
810 22906
811 17970
812 19870
813 12852
814 15444
815 15164
816 15338
817 14226
818 14668
819 12480
820 13450
821 14668
822 15458
823 15002
824 16750
825 17470
826 15490
827 15482
828 16450
829 15722
830 15828
831 13158
832 15086
833 15274
834 15078
835 14472
836 14944
837 12518
838 13578
839 14758
840 18524
841 13654
842 14552
843 14048
844 15244
845 14986
846 15514
847 15186
848 12260
849 13760
850 14342
851 15030
852 16388
853 15192
854 13588
855 14084
856 14378
857 16260
858 16512
859 14806
860 13482
861 15804
862 14864
863 14664
864 14652
865 14786
866 13466
867 17002
868 17300
869 14262
870 17442
871 16824
872 15510
873 15604
874 15130
875 13990
876 13412
877 12418
878 11604
879 14174
880 11822
881 14914
882 13458
883 43362
884 12686
885 13140
886 13442
887 11026
888 12570
889 11230
890 10756
891 11208
892 10822
893 11972
894 12194
895 17292
896 14062
897 14924
898 12692
899 13156
900 31606
901 11170
902 11260
903 10788
904 11460
905 13574
906 11458
907 10834
908 11176
909 12498
910 14494
911 15876
912 12312
913 11702
914 13074
915 11018
916 11348
917 14794
918 11294
919 11288
920 11278
921 11694
922 10920
923 12618
924 14258
925 14378
926 12080
927 11966
928 11770
929 11490
930 11520
931 11182
932 11176
933 10834
934 10774
935 11116
936 11234
937 12878
938 21522
939 16260
940 14374
941 39676
942 15506
943 14694
944 14930
945 14774
946 13760
947 12562
948 12964
949 14320
950 14854
951 14986
952 16804
953 18248
954 18148
955 19978
956 16854
957 14906
958 35350
959 14770
960 15752
961 15804
962 14782
963 14646
964 14562
965 15594
966 15306
967 18382
968 21436
969 16504
970 13074
971 18250
972 15486
973 15884
974 15634
975 12610
976 12110
977 15502
978 15378
979 14694
980 14092
981 38446
982 16868
983 13830
984 12568
985 12472
986 11392
987 11310
988 11920
989 14452
990 11430
991 11164
992 11940
993 12102
994 11506
995 19572
996 14528
997 13062
998 13426
999 13266
1000 11414
1001 14286
1002 11658
1003 10694
1004 11088
1005 11516
1006 10656
1007 11090
1008 11332
1009 12372
1010 13550
1011 13838
1012 11242
1013 13876
1014 12596
1015 12608
1016 11552
1017 11622
1018 11534
1019 11242
1020 11632
1021 11674
1022 12498
1023 13986
1024 14800
1025 18702
1026 12830
1027 11344
1028 12656
1029 11840
1030 11788
1031 12174
1032 11238
1033 11642
1034 12568
1035 15112
1036 11668
1037 11648
1038 14676
1039 14454
1040 12544
1041 15036
1042 11390
1043 16496
1044 11496
1045 11332
1046 10786
1047 11106
1048 10644
1049 11226
1050 11532
1051 11734
1052 13384
1053 17624
1054 11672
1055 14740
1056 11820
1057 11228
1058 10912
1059 11012
1060 11034
1061 15052
1062 11024
1063 10676
1064 11158
1065 11328
1066 14834
1067 16270
1068 12756
1069 11842
1070 11942
1071 11138
1072 11476
1073 11134
1074 11832
1075 11018
1076 11048
1077 11438
1078 11424
1079 27988
1080 13646
1081 15712
1082 11902
1083 13264
1084 11082
1085 11458
1086 12030
1087 11064
1088 11190
1089 10956
1090 11590
1091 11292
1092 11866
1093 12962
1094 12764
1095 14738
1096 12990
1097 14256
1098 11722
1099 11404
1100 11092
1101 11346
1102 10922
1103 10946
1104 11092
1105 11370
1106 11118
1107 12112
1108 13528
1109 15384
1110 12898
1111 12010
1112 12180
1113 11316
1114 10696
1115 17984
1116 11864
1117 11812
1118 10852
1119 11098
1120 11636
1121 14008
1122 14256
1123 13616
1124 12752
1125 13024
1126 11070
1127 11172
1128 11798
1129 11002
1130 11098
1131 11160
1132 11084
1133 11016
1134 12468
1135 12846
1136 12668
1137 13812
1138 11208
1139 14082
1140 11636
1141 12236
1142 12222
1143 11496
1144 11184
1145 11852
1146 14626
1147 11010
1148 11294
1149 11928
1150 14604
1151 15730
1152 13852
1153 11734
1154 13790
1155 11046
1156 10996
1157 11454
1158 12778
1159 11080
1160 10724
1161 10762
1162 10980
1163 12264
1164 16268
1165 16572
1166 11958
1167 13098
1168 12950
1169 10740
1170 12028
1171 11274
1172 11572
1173 13558
1174 10996
1175 10698
1176 11532
1177 11998
1178 14110
1179 14980
1180 11684
1181 13486
1182 13322
1183 11358
1184 10778
1185 11008
1186 10828
1187 11108
1188 11572
1189 11612
1190 11438
1191 13222
1192 15726
1193 14964
1194 13348
1195 13088
1196 11690
1197 10662
1198 10856
1199 12614
1200 11310
1201 13060
1202 11048
1203 13624
1204 11282
1205 12176
1206 14696
1207 14832
1208 12206
1209 11710
1210 12364
1211 11032
1212 11520
1213 11286
1214 11862
1215 10990
1216 10922
1217 10786
1218 13562
1219 12126
1220 15762
1221 16750
1222 13678
1223 13024
1224 11210
1225 13290
1226 12200
1227 11186
1228 10910
1229 11476
1230 19736
1231 11184
1232 11452
1233 11972
1234 14366
1235 17984
1236 11972
1237 14110
1238 11830
1239 11210
1240 11012
1241 11738
1242 11456
1243 10962
1244 10734
1245 13080
1246 11782
1247 15726
1248 13790
1249 13042
1250 11786
1251 12428
1252 11800
1253 11270
1254 11518
1255 11216
1256 11274
1257 11198
1258 10836
1259 10882
1260 12280
1261 13436
1262 15428
1263 12622
1264 11256
1265 11484
1266 11306
1267 13278
1268 12568
1269 11518
1270 10676
1271 10638
1272 11652
1273 13002
1274 13684
1275 20818
1276 16444
1277 12714
1278 14224
1279 13862
1280 11278
1281 11036
1282 32802
1283 11338
1284 11008
1285 11190
1286 10930
1287 12658
1288 11598
1289 17182
1290 16000
1291 12808
1292 11238
1293 11526
1294 15022
1295 11000
1296 11444
1297 12516
1298 11238
1299 11048
1300 11328
1301 11180
1302 12338
1303 13108
1304 14404
1305 12332
1306 12134
1307 12216
1308 12390
1309 11442
1310 14170
1311 11334
1312 10996
1313 12836
1314 11952
1315 12546
1316 11914
1317 15754
1318 16384
1319 12792
1320 12990
1321 14260
1322 11514
1323 16134
1324 11272
1325 11656
1326 11212
1327 11314
1328 11140
1329 10996
1330 11338
1331 20610
1332 17084
1333 12062
1334 12214
1335 13214
1336 14876
1337 11286
1338 11728
1339 11610
1340 11036
1341 10978
1342 11806
1343 11440
1344 12844
1345 20880
1346 16650
1347 13850
1348 11998
1349 15238
1350 13730
1351 11196
1352 15138
1353 14984
1354 10806
1355 10856
1356 11238
1357 10672
1358 11582
1359 17564
1360 17986
1361 12598
1362 12166
1363 14294
1364 12028
1365 11104
1366 11050
1367 11502
1368 11088
1369 11176
1370 11072
1371 11142
1372 12338
1373 14054
1374 16496
1375 14528
1376 15364
1377 10920
1378 10874
1379 11484
1380 12430
1381 11260
1382 11842
1383 10908
1384 11432
1385 12482
1386 13056
1387 14214
1388 14318
1389 14524
1390 13178
1391 11180
1392 11590
1393 11056
1394 11188
1395 11132
1396 10908
1397 11164
1398 11158
1399 12134
1400 12776
1401 17510
1402 15764
1403 12592
1404 11556
1405 12858
1406 13918
1407 12352
1408 15594
1409 11798
1410 12228
1411 12030
1412 10950
1413 26558
1414 13214
1415 16330
1416 17796
1417 13716
1418 13612
1419 11266
1420 11434
1421 11140
1422 11554
1423 11102
1424 11348
1425 11710
1426 10972
1427 11046
1428 12482
1429 16132
1430 15156
1431 12360
1432 13856
1433 13212
1434 13478
1435 10832
1436 14620
1437 11018
1438 11002
1439 11220
1440 11718
1441 10826
1442 13608
1443 17666
1444 13456
1445 12838
1446 13104
1447 10770
1448 15118
1449 12048
1450 12946
1451 14082
1452 14306
1453 14402
1454 14304
1455 12386
1456 16742
1457 16900
1458 13186
1459 12566
1460 17802
1461 15064
1462 15062
1463 14878
1464 15062
1465 15886
1466 14882
1467 14536
1468 15076
1469 14008
1470 19224
1471 16462
1472 12280
1473 14388
1474 12716
1475 11756
1476 11642
1477 11704
1478 10888
1479 11276
1480 11186
1481 11746
1482 14522
1483 10776
1484 14828
1485 13504
1486 12036
1487 11900
1488 12368
1489 11146
1490 11670
1491 11156
1492 11424
1493 11158
1494 11156
1495 26438
1496 11396
1497 12240
1498 13952
1499 16308
